0.38726       0.999632
0.400         0.9997
0.40083       0.999506
0.405         0.9996
0.410         0.9996
0.415         0.9995
0.420         0.9994
0.425         0.9993
0.430         0.9993
0.435         0.9992
0.440         0.9991
0.445         0.9990
0.450         0.9989
0.455         0.9988
0.460         0.9987
0.465         0.9985
0.470         0.9984
0.475         0.9983
0.480         0.9981
0.485         0.9980
0.490         0.9978
0.495         0.9976
0.500         0.9975
0.505         0.9973
0.510         0.9971
0.515         0.9969
0.520         0.9967
0.525         0.9965
0.530         0.9962
0.535         0.9960
0.540         0.9957
0.545         0.9955
0.550         0.9952
0.555         0.9949
0.560         0.9946
0.565         0.9943
0.570         0.9940
0.575         0.9937
0.580         0.9934
0.585         0.9930
0.590         0.9927
0.595         0.9923
0.600         0.9919
0.605         0.9915
0.610         0.9911
0.615         0.9907
0.620         0.9903
0.625         0.9898
0.630         0.9894
0.635         0.9889
0.640         0.9884
0.645         0.9879
0.650         0.9874
0.655         0.9869
0.660         0.9864
0.665         0.9858
0.670         0.9853
0.675         0.9847
0.680         0.9841
0.685         0.9835
0.690         0.9829
0.695         0.9823
0.700         0.9817
0.705         0.9810
0.710         0.9803
0.715         0.9797
0.720         0.9790
0.725         0.9783
0.730         0.9776
0.735         0.9769
0.740         0.9761
0.745         0.9754
0.750         0.9746
0.755         0.9738
0.760         0.9731
0.765         0.9723
0.770         0.9714
0.775         0.9706
0.780         0.9698
0.785         0.9689
0.790         0.9680
0.795         0.9672
0.800         0.9663
0.805         0.9654
0.810         0.9644
0.815         0.9635
0.820         0.9626
0.825         0.9616
0.830         0.9607
0.835         0.9597
0.840         0.9587
0.845         0.9577
0.850         0.9567
0.855         0.9557
0.860         0.9546
0.865         0.9536
0.870         0.9525
0.875         0.9514
0.880         0.9504
0.885         0.9493
0.890         0.9482
0.895         0.9471
0.900         0.9459
0.905         0.9448
0.910         0.9437
0.915         0.9425
0.920         0.9413
0.925         0.9402
0.930         0.9390
0.935         0.9378
0.940         0.9366
0.945         0.9354
0.950         0.9342
0.955         0.9329
0.960         0.9317
0.965         0.9304
0.970         0.9292
0.975         0.9279
0.980         0.9267
0.985         0.9254
0.990         0.9241
0.995         0.9228
1.00          0.9215
1.05          0.9080
1.10          0.8939
1.15          0.8793
1.20          0.8643
1.25          0.8491
1.30          0.8336
1.35          0.8181
1.40          0.8026
1.45          0.7872
1.50          0.7719
1.55          0.7568
1.60          0.7419
1.65          0.7273
1.70          0.7130
1.75          0.6989
1.80          0.6852
1.85          0.6718
1.90          0.6588
1.95          0.6460
2.00          0.6337
2.05          0.6216
2.10          0.6099
2.15          0.5985
2.20          0.5875
2.25          0.5767
2.30          0.5663
2.35          0.5562
2.40          0.5464
2.45          0.5368
2.50          0.5275
2.55          0.5186
2.60          0.5098
2.65          0.5013
2.70          0.4931
2.75          0.4851
2.80          0.4773
2.85          0.4698
2.90          0.4624
2.95          0.4553
3.00          0.4484
3.05          0.4418
3.10          0.4352
3.15          0.4286
3.20          0.4220
3.25          0.4163
3.30          0.4105
3.35          0.4048
3.40          0.3990
3.45          0.3938
3.50          0.3885
3.55          0.3833
3.60          0.3780
3.65          0.3733
3.70          0.3685
3.75          0.3638
3.80          0.3590
3.85          0.3548
3.90          0.3505
3.95          0.3463
4.00          0.3420
