0.0006       0.00160
0.0008       0.00160
0.0010       0.00158
0.0012       0.00151
0.0014       0.00149
0.0016       0.00148
0.0020       0.00148
0.0025       0.00145
0.0030       0.00137
0.0035       0.00127
0.0040       0.00116
0.0050       0.00094
0.0060       0.00074
0.0080       0.00046
0.010        0.00031
0.012        0.00025
0.014        0.00025
0.016        0.00029
0.020        0.00045
0.025        0.00073
0.030        0.00102
0.035        0.00131
0.040        0.00158
0.050        0.00208
0.060        0.00251
0.080        0.00320
0.10         0.00372
0.12         0.00412
0.14         0.00444
0.16         0.00471
0.20         0.00512
0.25         0.00548
0.30         0.00575
0.35         0.00596
0.40         0.00613
0.50         0.00639
0.60         0.00659
0.80         0.00687
1.0          0.00707
1.2          0.00722
1.4          0.00734
1.6          0.00744
2.0          0.00759
2.5          0.00773
3.0          0.00783
3.5          0.00791
4.0          0.00797
5.0          0.00805
6.0          0.00811
8.0          0.00819
10           0.00825
12           0.00829
14           0.00832
16           0.00835
20           0.00840
25           0.00845
30           0.00849
35           0.00853
40           0.00857
50           0.00862
60           0.00867
80           0.00872
100          0.00876
120          0.00878
140          0.00879
160          0.00880
200          0.00882
250          0.00884
300          0.00886
350          0.00888
400          0.00891
500          0.00897
600          0.00900
800          0.00900
1000         0.00900