0.0006       0.00200
0.0008       0.00200
0.0010       0.00200
0.0012       0.00184
0.0014       0.00169
0.0016       0.00161
0.0020       0.00158
0.0025       0.00159
0.0030       0.00156
0.0035       0.00146
0.0040       0.00131
0.0050       0.00096
0.0060       0.00060
0.0080       0.00006
0.010        -0.00022
0.012        -0.00031
0.014        -0.00026
0.016        -0.00013
0.020        0.00025
0.025        0.00083
0.030        0.00139
0.035        0.00190
0.040        0.00235
0.050        0.00309
0.060        0.00364
0.080        0.00439
0.10         0.00486
0.12         0.00517
0.14         0.00540
0.16         0.00558
0.20         0.00585
0.25         0.00609
0.30         0.00627
0.35         0.00643
0.40         0.00656
0.50         0.00678
0.60         0.00696
0.80         0.00720
1.0          0.00736
1.2          0.00747
1.4          0.00755
1.6          0.00761
2.0          0.00768
2.5          0.00774
3.0          0.00778
3.5          0.00782
4.0          0.00785
5.0          0.00791
6.0          0.00797
8.0          0.00806
10           0.00813
12           0.00818
14           0.00822
16           0.00824
20           0.00826
25           0.00827
30           0.00828
35           0.00829
40           0.00830
50           0.00830
60           0.00830
80           0.00830
100          0.00830
120          0.00830
140          0.00830
160          0.00830
200          0.00830
250          0.00830
300          0.00830
350          0.00830
400          0.00830
500          0.00830
600          0.00830
800          0.00830
1000         0.00830